ExChangeId,ChannelNo,SeqNo,SecurityID,Trade2_Order1,TradeDate,UpdateTime,Price,Volume,TrdMoney,OrdSide,OrdType,TrdBSFlag,TrdBuyNo,TrdSellNo
1,1,15519,510100,2,20201030,92500150,1.270000,300,381.000000,-,-,N,38335,139262
1,1,15520,510100,2,20201030,92500150,1.270000,100,127.000000,-,-,N,114356,139262
1,1,15521,510100,2,20201030,92500150,1.270000,100,127.000000,-,-,N,87200,139262
1,1,15522,510100,2,20201030,92500150,1.270000,6000,7620.000000,-,-,N,123803,139262
1,1,22424,510100,2,20201030,93001150,1.270000,100,127.000000,-,-,B,159241,139262
1,1,31144,510100,2,20201030,93003100,1.268000,200,253.600000,-,-,S,104975,186938
1,1,31145,510100,2,20201030,93003100,1.268000,5000,6340.000000,-,-,S,118195,186938
1,1,42981,510100,2,20201030,93007380,1.268000,24800,31446.400000,-,-,B,224280,186938
1,1,47084,510100,2,20201030,93012510,1.270000,250000,317500.000000,-,-,B,233235,139262
1,1,50026,510100,2,20201030,93017070,1.270000,4600,5842.000000,-,-,B,239170,139262
1,1,74567,510100,2,20201030,93053440,1.270000,1200,1524.000000,-,-,B,281700,139262
1,1,81087,510100,2,20201030,93103000,1.270000,250000,317500.000000,-,-,B,293040,139262
1,1,90751,510100,2,20201030,93115070,1.269000,250000,317250.000000,-,-,S,272977,309273
1,1,91550,510100,2,20201030,93115930,1.269000,100,126.900000,-,-,S,272977,310567
1,1,91551,510100,2,20201030,93115930,1.269000,249900,317123.100000,-,-,S,310021,310567
1,1,93465,510100,2,20201030,93118180,1.270000,1000,1270.000000,-,-,B,313455,278537
1,1,95202,510100,2,20201030,93120740,1.270000,249000,316230.000000,-,-,S,313455,316522
1,1,95203,510100,2,20201030,93120740,1.269000,100,126.900000,-,-,S,310021,316522
1,1,95204,510100,2,20201030,93120740,1.269000,238500,302656.500000,-,-,S,311338,316522
1,1,211643,510100,2,20201030,93444980,1.269000,5000,6345.000000,-,-,S,519599,521863
1,1,213384,510100,2,20201030,93448970,1.268000,1000,1268.000000,-,-,S,349484,525335
1,1,238817,510100,2,20201030,93537900,1.268000,500,634.000000,-,-,S,349484,568556
1,1,238818,510100,2,20201030,93537900,1.268000,4000,5072.000000,-,-,S,399650,568556
1,1,238819,510100,2,20201030,93537900,1.268000,1500,1902.000000,-,-,S,470103,568556
1,1,238820,510100,2,20201030,93537900,1.268000,18000,22824.000000,-,-,S,477144,568556
1,1,255363,510100,2,20201030,93608280,1.267000,200,253.400000,-,-,S,108172,596669
1,1,293485,510100,2,20201030,93723800,1.267000,20000,25340.000000,-,-,B,661421,611571
1,1,293486,510100,2,20201030,93723800,1.267000,800,1013.600000,-,-,B,661421,645190
1,1,300089,510100,2,20201030,93738480,1.267000,15800,20018.600000,-,-,S,671978,673359
1,1,301052,510100,2,20201030,93740920,1.267000,2000,2534.000000,-,-,S,673677,675218
1,1,326564,510100,2,20201030,93841840,1.268000,15000,19020.000000,-,-,B,722242,680847
1,1,326565,510100,2,20201030,93841840,1.268000,1000,1268.000000,-,-,B,722242,702232
1,1,355127,510100,2,20201030,93947910,1.269000,7500,9517.500000,-,-,B,770266,764408
1,1,361407,510100,2,20201030,94001840,1.269000,250100,317376.900000,-,-,S,776953,780816
1,1,361804,510100,2,20201030,94002260,1.269000,250100,317376.900000,-,-,B,781367,780816
1,1,392026,510100,2,20201030,94056380,1.270000,250100,317627.000000,-,-,S,806643,829114
1,1,392207,510100,2,20201030,94056790,1.270000,35700,45339.000000,-,-,B,829384,829114
1,1,394234,510100,2,20201030,94101520,1.270000,214400,272288.000000,-,-,S,829384,832847
1,1,394235,510100,2,20201030,94101520,1.270000,35700,45339.000000,-,-,S,830204,832847
1,1,394475,510100,2,20201030,94101930,1.270000,214400,272288.000000,-,-,B,833291,832847
1,1,394575,510100,2,20201030,94102030,1.270000,35700,45339.000000,-,-,B,833418,832847
1,1,394947,510100,2,20201030,94103010,1.270000,250100,317627.000000,-,-,B,834224,832847
1,1,395135,510100,2,20201030,94103370,1.270000,37700,47879.000000,-,-,B,834561,832847
1,1,395509,510100,2,20201030,94104130,1.270000,212400,269748.000000,-,-,S,834561,835192
1,1,395510,510100,2,20201030,94104130,1.270000,37700,47879.000000,-,-,S,835104,835192
1,1,395698,510100,2,20201030,94104530,1.270000,37700,47879.000000,-,-,B,835456,835192
1,1,421739,510100,2,20201030,94203890,1.269000,250100,317376.900000,-,-,S,860655,880505
1,1,421901,510100,2,20201030,94204200,1.269000,250100,317376.900000,-,-,B,880805,880505
1,1,424827,510100,2,20201030,94209340,1.269000,250100,317376.900000,-,-,S,881695,885364
1,1,424828,510100,2,20201030,94209340,1.269000,59700,75759.300000,-,-,S,884886,885364
1,1,426061,510100,2,20201030,94211840,1.269000,190300,241490.700000,-,-,S,884886,887301
1,1,433441,510100,2,20201030,94229710,1.268000,2000,2536.000000,-,-,S,729778,899739
1,1,433442,510100,2,20201030,94229710,1.268000,1800,2282.400000,-,-,S,805347,899739
1,1,433443,510100,2,20201030,94229710,1.268000,3700,4691.600000,-,-,S,837757,899739
1,1,446176,510100,2,20201030,94304940,1.268000,5000,6340.000000,-,-,S,921049,921931
1,1,462036,510100,2,20201030,94351110,1.269000,1000,1269.000000,-,-,B,949749,927575
1,1,480015,510100,2,20201030,94440360,1.268000,250000,317000.000000,-,-,B,980423,959896
1,1,480359,510100,2,20201030,94441280,1.268000,250000,317000.000000,-,-,S,980868,981055
1,1,503888,510100,2,20201030,94536180,1.269000,100,126.900000,-,-,B,1020542,975575
1,1,513657,510100,2,20201030,94605350,1.269000,9900,12563.100000,-,-,B,1038826,975575
1,1,514091,510100,2,20201030,94606210,1.269000,2000,2538.000000,-,-,S,1038826,1039368
1,1,514329,510100,2,20201030,94606870,1.269000,238100,302148.900000,-,-,S,1038826,1039735
1,1,534945,510100,2,20201030,94704840,1.270000,14200,18034.000000,-,-,B,1075504,931215
1,1,550585,510100,2,20201030,94803090,1.270000,250100,317627.000000,-,-,B,1105844,931215
1,1,550668,510100,2,20201030,94803410,1.270000,250100,317627.000000,-,-,B,1106031,931215
1,1,550837,510100,2,20201030,94804030,1.270000,250100,317627.000000,-,-,B,1106313,931215
1,1,551183,510100,2,20201030,94805050,1.270000,235500,299085.000000,-,-,B,1106916,931215
1,1,580633,510100,2,20201030,94952590,1.271000,1000,1271.000000,-,-,B,1161226,354823
1,1,580634,510100,2,20201030,94952590,1.271000,249100,316606.100000,-,-,B,1161226,1161138
1,1,580697,510100,2,20201030,94952830,1.271000,132500,168407.500000,-,-,B,1161357,1161138
1,1,607172,510100,2,20201030,95103270,1.271000,100,127.100000,-,-,B,1203301,1194954
1,1,607173,510100,2,20201030,95103270,1.271000,900,1143.900000,-,-,B,1203301,1198089
1,1,611358,510100,2,20201030,95116870,1.270000,100,127.000000,-,-,S,1158617,1210242
1,1,642683,510100,2,20201030,95309570,1.272000,500,636.000000,-,-,B,1263971,1255348
1,1,653676,510100,2,20201030,95347790,1.272000,500,636.000000,-,-,B,1283043,1266231
1,1,653691,510100,2,20201030,95347860,1.272000,1000,1272.000000,-,-,S,1283043,1283085
1,1,654428,510100,2,20201030,95350820,1.272000,248500,316092.000000,-,-,S,1283043,1284486
1,1,654429,510100,2,20201030,95350820,1.272000,250100,318127.200000,-,-,S,1284058,1284486
1,1,654550,510100,2,20201030,95351220,1.272000,250100,318127.200000,-,-,B,1284658,1284486
1,1,654885,510100,2,20201030,95352820,1.272000,250000,318000.000000,-,-,S,1284999,1285313
1,1,655090,510100,2,20201030,95353410,1.272000,100,127.200000,-,-,S,1284999,1285704
1,1,655091,510100,2,20201030,95353410,1.272000,249900,317872.800000,-,-,S,1285492,1285704
1,1,702538,510100,2,20201030,95639780,1.273000,20300,25841.900000,-,-,B,1369727,63771
1,1,702539,510100,2,20201030,95639780,1.273000,200,254.600000,-,-,B,1369727,597775
1,1,702540,510100,2,20201030,95639780,1.273000,20000,25460.000000,-,-,B,1369727,1196373
1,1,705594,510100,2,20201030,95652620,1.274000,300,382.200000,-,-,B,1375376,1332722
1,1,711290,510100,2,20201030,95713960,1.273000,1300,1654.900000,-,-,S,1369727,1384972
1,1,711291,510100,2,20201030,95713960,1.273000,250100,318377.300000,-,-,S,1372847,1384972
1,1,713306,510100,2,20201030,95721340,1.273000,250100,318377.300000,-,-,S,1385276,1388489
1,1,713307,510100,2,20201030,95721340,1.273000,250000,318250.000000,-,-,S,1386838,1388489
1,1,713377,510100,2,20201030,95721710,1.273000,58200,74088.600000,-,-,B,1388619,1388489
1,1,726914,510100,2,20201030,95815600,1.273000,2000,2546.000000,-,-,S,1388757,1410987
1,1,727832,510100,2,20201030,95818880,1.273000,248000,315704.000000,-,-,S,1388757,1412468
1,1,727833,510100,2,20201030,95818880,1.273000,250100,318377.300000,-,-,S,1399218,1412468
1,1,727960,510100,2,20201030,95819310,1.273000,250100,318377.300000,-,-,B,1412685,1412468
1,1,730734,510100,2,20201030,95829530,1.273000,250100,318377.300000,-,-,S,1412978,1417294
1,1,730883,510100,2,20201030,95829890,1.273000,250100,318377.300000,-,-,B,1417461,1417294
1,1,730946,510100,2,20201030,95830280,1.273000,250100,318377.300000,-,-,B,1417622,1417294
1,1,731203,510100,2,20201030,95831280,1.273000,37700,47992.100000,-,-,B,1418022,1417294
1,1,734918,510100,2,20201030,95843900,1.274000,100,127.400000,-,-,S,1423842,1424079
1,1,735060,510100,2,20201030,95844340,1.273000,250100,318377.300000,-,-,B,1424258,1424079
1,1,735225,510100,2,20201030,95844740,1.273000,250100,318377.300000,-,-,B,1424486,1424079
1,1,735347,510100,2,20201030,95845480,1.273000,250100,318377.300000,-,-,B,1424716,1424079
1,1,738200,510100,2,20201030,95855660,1.274000,1000,1274.000000,-,-,B,1429591,1428888
1,1,747571,510100,2,20201030,95927320,1.273000,1000,1273.000000,-,-,S,1440991,1444272
1,1,802966,510100,2,20201030,100235930,1.273000,1700,2164.100000,-,-,B,1536550,1476023
1,1,802967,510100,2,20201030,100235930,1.273000,3300,4200.900000,-,-,B,1536550,1523855
1,1,804034,510100,2,20201030,100240350,1.272000,250100,318127.200000,-,-,S,1479669,1538448
1,1,804169,510100,2,20201030,100240800,1.272000,250100,318127.200000,-,-,B,1538654,1538448
1,1,805097,510100,2,20201030,100244700,1.272000,38600,49099.200000,-,-,S,1539073,1540359
1,1,805555,510100,2,20201030,100246720,1.272000,38600,49099.200000,-,-,S,1539073,1541157
1,1,805940,510100,2,20201030,100248610,1.272000,46200,58766.400000,-,-,S,1539073,1542032
1,1,806927,510100,2,20201030,100252520,1.272000,45200,57494.400000,-,-,S,1539073,1543373
1,1,826983,510100,2,20201030,100414870,1.271000,46700,59355.700000,-,-,S,1427772,1576682
1,1,827557,510100,2,20201030,100416440,1.271000,20000,25420.000000,-,-,S,1427772,1577495
1,1,827758,510100,2,20201030,100417060,1.271000,43900,55796.900000,-,-,S,1427772,1577819
1,1,828628,510100,2,20201030,100419160,1.271000,46700,59355.700000,-,-,S,1427772,1578986
1,1,829247,510100,2,20201030,100421220,1.271000,42000,53382.000000,-,-,S,1427772,1580055
1,1,829830,510100,2,20201030,100423310,1.271000,40100,50967.100000,-,-,S,1427772,1581065
1,1,830439,510100,2,20201030,100425380,1.271000,10700,13599.700000,-,-,S,1427772,1581969
1,1,830440,510100,2,20201030,100425380,1.271000,35500,45120.500000,-,-,S,1577017,1581969
1,1,831106,510100,2,20201030,100427300,1.271000,11200,14235.200000,-,-,S,1577017,1582928
1,1,831107,510100,2,20201030,100427300,1.271000,20000,25420.000000,-,-,S,1577785,1582928
1,1,831108,510100,2,20201030,100427300,1.271000,12700,16141.700000,-,-,S,1578623,1582928
1,1,831700,510100,2,20201030,100429620,1.271000,31200,39655.200000,-,-,S,1578623,1583913
1,1,831701,510100,2,20201030,100429620,1.271000,8400,10676.400000,-,-,S,1579164,1583913
1,1,832016,510100,2,20201030,100430910,1.271000,38300,48679.300000,-,-,S,1579164,1584427
1,1,832017,510100,2,20201030,100430910,1.271000,42000,53382.000000,-,-,S,1580191,1584427
1,1,832018,510100,2,20201030,100430910,1.271000,40100,50967.100000,-,-,S,1581335,1584427
1,1,832019,510100,2,20201030,100430910,1.271000,46200,58720.200000,-,-,S,1582144,1584427
1,1,832020,510100,2,20201030,100430910,1.271000,11200,14235.200000,-,-,S,1583104,1584427
1,1,832021,510100,2,20201030,100430910,1.271000,32700,41561.700000,-,-,S,1583447,1584427
1,1,832022,510100,2,20201030,100430910,1.271000,8400,10676.400000,-,-,S,1584063,1584427
1,1,832023,510100,2,20201030,100430910,1.271000,31200,39655.200000,-,-,S,1584346,1584427
1,1,832236,510100,2,20201030,100431780,1.271000,42000,53382.000000,-,-,S,1584591,1584801
1,1,855735,510100,2,20201030,100609160,1.270000,2000,2540.000000,-,-,S,1320220,1623646
1,1,858133,510100,2,20201030,100619960,1.270000,45300,57531.000000,-,-,S,1627372,1627609
1,1,885672,510100,2,20201030,100812090,1.270000,41100,52197.000000,-,-,S,1632479,1672705
1,1,886164,510100,2,20201030,100814140,1.270000,41500,52705.000000,-,-,S,1632479,1673470
1,1,886671,510100,2,20201030,100816280,1.270000,46200,58674.000000,-,-,S,1632479,1674349
1,1,887269,510100,2,20201030,100818240,1.270000,46700,59309.000000,-,-,S,1632479,1675173
1,1,887903,510100,2,20201030,100820550,1.270000,39600,50292.000000,-,-,S,1632479,1676193
1,1,889656,510100,2,20201030,100826790,1.270000,38700,49149.000000,-,-,S,1678768,1678955
1,1,890173,510100,2,20201030,100828820,1.270000,40100,50927.000000,-,-,S,1678768,1679823
1,1,996970,510100,2,20201030,101528930,1.269000,3000,3807.000000,-,-,S,1853730,1854583
1,1,1006982,510100,2,20201030,101612080,1.270000,100,127.000000,-,-,B,1870729,1853243
1,1,1045770,510100,2,20201030,101837730,1.268000,200,253.600000,-,-,S,1071413,1929871
1,1,1045771,510100,2,20201030,101837730,1.268000,2000,2536.000000,-,-,S,1217332,1929871
1,1,1045772,510100,2,20201030,101837730,1.268000,250100,317126.800000,-,-,S,1680166,1929871
1,1,1045773,510100,2,20201030,101837730,1.268000,10000,12680.000000,-,-,S,1773383,1929871
1,1,1046913,510100,2,20201030,101841370,1.268000,250100,317126.800000,-,-,S,1930775,1931540
1,1,1048712,510100,2,20201030,101846110,1.268000,500,634.000000,-,-,B,1933559,1932653
1,1,1072260,510100,2,20201030,102009890,1.267000,200,253.400000,-,-,S,1370049,1968763
1,1,1072261,510100,2,20201030,102009890,1.267000,5800,7348.600000,-,-,S,1599692,1968763
1,1,1079508,510100,2,20201030,102030640,1.267000,400,506.800000,-,-,S,1599692,1980134
1,1,1087818,510100,2,20201030,102105930,1.267000,33200,42064.400000,-,-,S,1599692,1994783
1,1,1087819,510100,2,20201030,102105930,1.267000,2000,2534.000000,-,-,S,1963128,1994783
1,1,1087820,510100,2,20201030,102105930,1.267000,600,760.200000,-,-,S,1993803,1994783
1,1,1104030,510100,2,20201030,102221460,1.267000,200,253.400000,-,-,B,2023588,1994783
1,1,1117026,510100,2,20201030,102330110,1.267000,5000,6335.000000,-,-,B,2045688,1994783
1,1,1118847,510100,2,20201030,102338890,1.267000,93400,118337.800000,-,-,B,2048517,1994783
1,1,1126200,510100,2,20201030,102415580,1.267000,1400,1773.800000,-,-,S,2048517,2060964
1,1,1126649,510100,2,20201030,102417890,1.268000,1000,1268.000000,-,-,B,2061802,1945781
1,1,1164925,510100,2,20201030,102756610,1.268000,1000,1268.000000,-,-,S,2100345,2128521
1,1,1176274,510100,2,20201030,102855560,1.268000,2800,3550.400000,-,-,S,2124414,2146411
1,1,1178890,510100,2,20201030,102908910,1.268000,1900,2409.200000,-,-,B,2150539,2146411
1,1,1181516,510100,2,20201030,102924440,1.267000,1000,1267.000000,-,-,S,2076834,2155114
1,1,1181517,510100,2,20201030,102924440,1.267000,1500,1900.500000,-,-,S,2141013,2155114
1,1,1209359,510100,2,20201030,103110360,1.267000,500,633.500000,-,-,S,2141013,2196179
1,1,1217178,510100,2,20201030,103144440,1.268000,300,380.400000,-,-,S,2204329,2208094
1,1,1219657,510100,2,20201030,103155180,1.266000,1000,1266.000000,-,-,S,1025638,2211692
1,1,1219658,510100,2,20201030,103155180,1.266000,149000,188634.000000,-,-,S,2198085,2211692
1,1,1258162,510100,2,20201030,103508390,1.267000,40000,50680.000000,-,-,B,2273422,2261314
1,1,1316848,510100,2,20201030,104030800,1.270000,100,127.000000,-,-,B,2373224,1904632
1,1,1351787,510100,2,20201030,104336710,1.270000,8000,10160.000000,-,-,B,2430110,1904632
1,1,1351788,510100,2,20201030,104336710,1.270000,2100,2667.000000,-,-,B,2430110,2087497
1,1,1351789,510100,2,20201030,104336710,1.270000,9600,12192.000000,-,-,B,2430110,2190218
1,1,1351790,510100,2,20201030,104336710,1.270000,5500,6985.000000,-,-,B,2430110,2295108
1,1,1353367,510100,2,20201030,104347390,1.270000,4800,6096.000000,-,-,S,2430110,2433020
1,1,1356221,510100,2,20201030,104403420,1.271000,8000,10168.000000,-,-,B,2437424,2427030
1,1,1376155,510100,2,20201030,104602160,1.271000,200,254.200000,-,-,B,2469644,2427030
1,1,1385904,510100,2,20201030,104653590,1.270000,100,127.000000,-,-,S,2478574,2485330
1,1,1385905,510100,2,20201030,104653590,1.270000,7800,9906.000000,-,-,S,2482075,2485330
1,1,1396496,510100,2,20201030,104754730,1.270000,30000,38100.000000,-,-,S,2489087,2501981
1,1,1399542,510100,2,20201030,104808460,1.270000,1000,1270.000000,-,-,S,2489087,2506117
1,1,1426439,510100,2,20201030,105022300,1.271000,200,254.200000,-,-,B,2548576,2541977
1,1,1446264,510100,2,20201030,105214070,1.270000,250100,317627.000000,-,-,S,2582624,2582647
1,1,1446952,510100,2,20201030,105217660,1.271000,300,381.300000,-,-,B,2583783,2541977
1,1,1464042,510100,2,20201030,105348570,1.270000,5000,6350.000000,-,-,B,2610720,2605034
1,1,1494649,510100,2,20201030,105702600,1.269000,100,126.900000,-,-,B,2661360,2651734
1,1,1498776,510100,2,20201030,105724990,1.267000,500,633.500000,-,-,S,2291153,2667597
1,1,1513377,510100,2,20201030,105901400,1.267000,10000,12670.000000,-,-,S,2291153,2691811
1,1,1520877,510100,2,20201030,105948710,1.269000,600,761.400000,-,-,B,2703542,2655146
1,1,1558582,510100,2,20201030,110251160,1.267000,21600,27367.200000,-,-,S,2291153,2763202
1,1,1558583,510100,2,20201030,110251160,1.267000,1000,1267.000000,-,-,S,2310024,2763202
1,1,1558584,510100,2,20201030,110251160,1.267000,100,126.700000,-,-,S,2691424,2763202
1,1,1558585,510100,2,20201030,110251160,1.267000,12700,16090.900000,-,-,S,2700883,2763202
1,1,1558586,510100,2,20201030,110251160,1.267000,2900,3674.300000,-,-,S,2719080,2763202
1,1,1559258,510100,2,20201030,110253190,1.267000,21100,26733.700000,-,-,S,2719080,2763925
1,1,1563098,510100,2,20201030,110312550,1.266000,300,379.800000,-,-,S,2325719,2769945
1,1,1564848,510100,2,20201030,110321410,1.267000,10000,12670.000000,-,-,B,2772378,2770463
1,1,1576946,510100,2,20201030,110434350,1.267000,2000,2534.000000,-,-,B,2792150,2779139
1,1,1584966,510100,2,20201030,110517930,1.267000,8000,10136.000000,-,-,B,2803437,2779139
1,1,1608078,510100,2,20201030,110734400,1.268000,20000,25360.000000,-,-,S,2822882,2840684
1,1,1608079,510100,2,20201030,110734400,1.268000,400,507.200000,-,-,S,2827864,2840684
1,1,1608080,510100,2,20201030,110734400,1.267000,229600,290903.200000,-,-,S,2823455,2840684
1,1,1608192,510100,2,20201030,110735150,1.267000,250000,316750.000000,-,-,S,2823455,2840890
1,1,1617873,510100,2,20201030,110819440,1.267000,250000,316750.000000,-,-,B,2855100,2852189
1,1,1621623,510100,2,20201030,110837710,1.266000,600,759.600000,-,-,S,2325719,2860375
1,1,1621624,510100,2,20201030,110837710,1.266000,400,506.400000,-,-,S,2550592,2860375
1,1,1621625,510100,2,20201030,110837710,1.266000,4000,5064.000000,-,-,S,2855628,2860375
1,1,1666134,510100,2,20201030,111240880,1.269000,64500,81850.500000,-,-,B,2929785,2894340
1,1,1676069,510100,2,20201030,111358370,1.268000,1000,1268.000000,-,-,S,2932398,2947582
1,1,1680429,510100,2,20201030,111431160,1.268000,300,380.400000,-,-,S,2932398,2955331
1,1,1692510,510100,2,20201030,111603630,1.269000,2500,3172.500000,-,-,B,2975568,2894340
1,1,1693250,510100,2,20201030,111610000,1.268000,3700,4691.600000,-,-,S,2932398,2976814
1,1,1704004,510100,2,20201030,111744240,1.267000,400,506.800000,-,-,S,2936413,2995274
1,1,1723300,510100,2,20201030,112008420,1.269000,183100,232353.900000,-,-,B,3027365,2894340
1,1,1723301,510100,2,20201030,112008420,1.269000,64500,81850.500000,-,-,B,3027365,2929870
1,1,1723302,510100,2,20201030,112008420,1.269000,2500,3172.500000,-,-,B,3027365,2975638
1,1,1724325,510100,2,20201030,112010910,1.269000,250000,317250.000000,-,-,S,3027365,3029109
1,1,1748942,510100,2,20201030,112229270,1.268000,5000,6340.000000,-,-,S,3059710,3068699
1,1,1748943,510100,2,20201030,112229270,1.268000,6000,7608.000000,-,-,S,3066044,3068699
1,1,1757314,510100,2,20201030,112339720,1.269000,24600,31217.400000,-,-,B,3083286,3070475
1,1,1769396,510100,2,20201030,112524380,1.268000,1700,2155.600000,-,-,S,3073581,3103464
1,1,1769397,510100,2,20201030,112524380,1.268000,24600,31192.800000,-,-,S,3102954,3103464
1,1,1773432,510100,2,20201030,112547920,1.267000,600,760.200000,-,-,S,2936413,3109321
1,1,1773433,510100,2,20201030,112547920,1.267000,1000,1267.000000,-,-,S,3089432,3109321
1,1,1773884,510100,2,20201030,112550220,1.267000,1600,2027.200000,-,-,S,3109288,3109976
1,1,1810259,510100,2,20201030,130000340,1.268000,20000,25360.000000,-,-,B,3161788,3126302
1,1,1810851,510100,2,20201030,130000450,1.267000,1100,1393.700000,-,-,S,3153140,3163512
1,1,1814219,510100,2,20201030,130001090,1.268000,100,126.800000,-,-,B,3172596,3126302
1,1,1818486,510100,2,20201030,130002590,1.268000,500,634.000000,-,-,B,3183796,3126302
1,1,1821724,510100,2,20201030,130004630,1.268000,200,253.600000,-,-,B,3192206,3126302
1,1,1821725,510100,2,20201030,130004630,1.268000,200,253.600000,-,-,B,3192207,3126302
1,1,1827181,510100,2,20201030,130013020,1.267000,100,126.700000,-,-,B,3206404,3192571
1,1,1827182,510100,2,20201030,130013020,1.268000,400,507.200000,-,-,B,3206404,3126302
1,1,1894606,510100,2,20201030,130641900,1.270000,40100,50927.000000,-,-,S,3312775,3313101
1,1,1894655,510100,2,20201030,130642140,1.270000,56300,71501.000000,-,-,S,3312775,3313184
1,1,1910955,510100,2,20201030,130839920,1.270000,2900,3683.000000,-,-,B,3341797,3331729
1,1,1951765,510100,2,20201030,131203670,1.269000,10000,12690.000000,-,-,S,3336642,3403760
1,1,1951766,510100,2,20201030,131203670,1.269000,10000,12690.000000,-,-,S,3361009,3403760
1,1,1958576,510100,2,20201030,131228090,1.268000,250000,317000.000000,-,-,S,3414058,3414193
1,1,1965267,510100,2,20201030,131303270,1.267000,800,1013.600000,-,-,S,3262943,3425759
1,1,2005333,510100,2,20201030,131649740,1.267000,6000,7602.000000,-,-,S,3262943,3490162
1,1,2044254,510100,2,20201030,132016050,1.269000,100,126.900000,-,-,B,3551849,3432904
1,1,2079475,510100,2,20201030,132309270,1.269000,500,634.500000,-,-,B,3609243,3432904
1,1,2081044,510100,2,20201030,132318000,1.268000,200,253.600000,-,-,S,3607584,3611822
1,1,2086999,510100,2,20201030,132355710,1.268000,1200,1521.600000,-,-,B,3621758,3611822
1,1,2091723,510100,2,20201030,132420870,1.267000,3300,4181.100000,-,-,S,3262943,3629503
1,1,2091724,510100,2,20201030,132420870,1.267000,20000,25340.000000,-,-,S,3419291,3629503
1,1,2091725,510100,2,20201030,132420870,1.267000,1000,1267.000000,-,-,S,3599081,3629503
1,1,2094997,510100,2,20201030,132437190,1.266000,5000,6330.000000,-,-,S,3125294,3634524
1,1,2094998,510100,2,20201030,132437190,1.266000,100,126.600000,-,-,S,3164264,3634524
1,1,2094999,510100,2,20201030,132437190,1.266000,200,253.200000,-,-,S,3168189,3634524
1,1,2095000,510100,2,20201030,132437190,1.266000,1000,1266.000000,-,-,S,3202190,3634524
1,1,2095001,510100,2,20201030,132437190,1.266000,1000,1266.000000,-,-,S,3530016,3634524
1,1,2095002,510100,2,20201030,132437190,1.266000,250000,316500.000000,-,-,S,3631460,3634524
1,1,2097959,510100,2,20201030,132455080,1.269000,100,126.900000,-,-,B,3639614,3432904
1,1,2107804,510100,2,20201030,132538170,1.265000,10000,12650.000000,-,-,S,223726,3654065
1,1,2112159,510100,2,20201030,132558440,1.265000,2000,2530.000000,-,-,S,685877,3660569
1,1,2112160,510100,2,20201030,132558440,1.265000,3000,3795.000000,-,-,S,854283,3660569
1,1,2112161,510100,2,20201030,132558440,1.265000,5000,6325.000000,-,-,S,1003544,3660569
1,1,2112162,510100,2,20201030,132558440,1.265000,200,253.000000,-,-,S,1076457,3660569
1,1,2112163,510100,2,20201030,132558440,1.265000,5000,6325.000000,-,-,S,1701013,3660569
1,1,2112164,510100,2,20201030,132558440,1.265000,600,759.000000,-,-,S,2220867,3660569
1,1,2136461,510100,2,20201030,132800440,1.265000,2400,3036.000000,-,-,S,2220867,3697312
1,1,2136462,510100,2,20201030,132800440,1.265000,200,253.000000,-,-,S,2841767,3697312
1,1,2136463,510100,2,20201030,132800440,1.265000,3000,3795.000000,-,-,S,3143235,3697312
1,1,2136464,510100,2,20201030,132800440,1.265000,100,126.500000,-,-,S,3145945,3697312
1,1,2146782,510100,2,20201030,132852430,1.267000,1100,1393.700000,-,-,B,3712147,3651287
1,1,2216657,510100,2,20201030,133325020,1.264000,30000,37920.000000,-,-,S,390039,3814503
1,1,2218965,510100,2,20201030,133331250,1.264000,400,505.600000,-,-,B,3817040,3814503
1,1,2221567,510100,2,20201030,133340160,1.264000,5000,6320.000000,-,-,B,3820561,3814503
1,1,2260129,510100,2,20201030,133618550,1.264000,1000,1264.000000,-,-,B,3877152,3814503
1,1,2268201,510100,2,20201030,133658890,1.263000,300,378.900000,-,-,S,2241694,3889326
1,1,2270427,510100,2,20201030,133708390,1.262000,1000,1262.000000,-,-,S,2238552,3892560
1,1,2272452,510100,2,20201030,133716770,1.262000,1500,1893.000000,-,-,B,3895531,3892560
1,1,2312718,510100,2,20201030,134009600,1.261000,5000,6305.000000,-,-,S,586012,3955652
1,1,2312719,510100,2,20201030,134009600,1.261000,200,252.200000,-,-,S,1969320,3955652
1,1,2312720,510100,2,20201030,134009600,1.261000,2000,2522.000000,-,-,S,2231441,3955652
1,1,2312721,510100,2,20201030,134009600,1.261000,3000,3783.000000,-,-,S,3899522,3955652
1,1,2313007,510100,2,20201030,134010260,1.260000,200,252.000000,-,-,S,358716,3956118
1,1,2313008,510100,2,20201030,134010260,1.260000,200,252.000000,-,-,S,1081825,3956118
1,1,2313009,510100,2,20201030,134010260,1.260000,500,630.000000,-,-,S,1804479,3956118
1,1,2313010,510100,2,20201030,134010260,1.260000,20000,25200.000000,-,-,S,2391463,3956118
1,1,2313011,510100,2,20201030,134010260,1.260000,400,504.000000,-,-,S,2905475,3956118
1,1,2313012,510100,2,20201030,134010260,1.260000,1500,1890.000000,-,-,S,3238301,3956118
1,1,2313013,510100,2,20201030,134010260,1.260000,1000,1260.000000,-,-,S,3901653,3956118
1,1,2313014,510100,2,20201030,134010260,1.260000,10000,12600.000000,-,-,S,3904560,3956118
1,1,2326634,510100,2,20201030,134039000,1.260000,500,630.000000,-,-,S,3960756,3970398
1,1,2349802,510100,2,20201030,134157970,1.260000,100,126.000000,-,-,B,4002375,3996734
1,1,2359763,510100,2,20201030,134234080,1.260000,785900,990234.000000,-,-,B,4017584,3996734
1,1,2362110,510100,2,20201030,134241900,1.260000,25000,31500.000000,-,-,S,4020905,4021446
1,1,2367622,510100,2,20201030,134306240,1.261000,4100,5170.100000,-,-,B,4031057,3998159
1,1,2370774,510100,2,20201030,134324560,1.261000,500,630.500000,-,-,B,4037488,4035563
1,1,2379496,510100,2,20201030,134413700,1.260000,10000,12600.000000,-,-,B,4053235,4045890
1,1,2382725,510100,2,20201030,134435780,1.260000,8500,10710.000000,-,-,B,4059492,4045890
1,1,2383441,510100,2,20201030,134440570,1.260000,6000,7560.000000,-,-,B,4060813,4045890
1,1,2384804,510100,2,20201030,134449560,1.260000,761500,959490.000000,-,-,B,4063390,4045890
1,1,2391113,510100,2,20201030,134525910,1.261000,200,252.200000,-,-,S,4074202,4074390
1,1,2396086,510100,2,20201030,134554180,1.260000,8000,10080.000000,-,-,S,4081658,4082669
1,1,2396843,510100,2,20201030,134558110,1.261000,300,378.300000,-,-,B,4083921,4077932
1,1,2419088,510100,2,20201030,134821070,1.262000,20000,25240.000000,-,-,B,4123955,4116814
1,1,2422539,510100,2,20201030,134845010,1.261000,100,126.100000,-,-,S,4086236,4129960
1,1,2422540,510100,2,20201030,134845010,1.261000,1000,1261.000000,-,-,S,4092237,4129960
1,1,2462018,510100,2,20201030,135233680,1.261000,1800,2269.800000,-,-,B,4195461,4191431
1,1,2466338,510100,2,20201030,135253330,1.261000,10000,12610.000000,-,-,B,4201863,4191431
1,1,2466768,510100,2,20201030,135255000,1.260000,100,126.000000,-,-,S,4123301,4202455
1,1,2466769,510100,2,20201030,135255000,1.260000,1500,1890.000000,-,-,S,4197173,4202455
1,1,2467621,510100,2,20201030,135257770,1.260000,1000,1260.000000,-,-,B,4203531,4202455
1,1,2479983,510100,2,20201030,135352260,1.260000,4000,5040.000000,-,-,S,4214040,4220761
1,1,2483389,510100,2,20201030,135408430,1.260000,1000,1260.000000,-,-,S,4214040,4225378
1,1,2486114,510100,2,20201030,135423150,1.260000,4000,5040.000000,-,-,S,4214040,4229480
1,1,2492435,510100,2,20201030,135459660,1.260000,1000,1260.000000,-,-,S,4214040,4239561
1,1,2492436,510100,2,20201030,135459660,1.260000,500,630.000000,-,-,S,4222379,4239561
1,1,2492437,510100,2,20201030,135459660,1.260000,100,126.000000,-,-,S,4228675,4239561
1,1,2492438,510100,2,20201030,135459660,1.260000,200,252.000000,-,-,S,4231786,4239561
1,1,2492439,510100,2,20201030,135459660,1.260000,300,378.000000,-,-,S,4237408,4239561
1,1,2498098,510100,2,20201030,135526620,1.259000,400,503.600000,-,-,S,3999556,4247739
1,1,2498099,510100,2,20201030,135526620,1.259000,2000,2518.000000,-,-,S,4036973,4247739
1,1,2498100,510100,2,20201030,135526620,1.259000,27600,34748.400000,-,-,S,4246814,4247739
1,1,2498803,510100,2,20201030,135530210,1.261000,3900,4917.900000,-,-,B,4248722,4241436
1,1,2503364,510100,2,20201030,135549200,1.260000,1000,1260.000000,-,-,S,4253299,4254124
1,1,2518076,510100,2,20201030,135654650,1.258000,100,125.800000,-,-,S,106940,4274138
1,1,2518077,510100,2,20201030,135654650,1.258000,200,251.600000,-,-,S,3629578,4274138
1,1,2524429,510100,2,20201030,135724330,1.258000,100,125.800000,-,-,S,4145326,4283077
1,1,2529614,510100,2,20201030,135751030,1.258000,1900,2390.200000,-,-,B,4291104,4283077
1,1,2534753,510100,2,20201030,135814860,1.257000,200,251.400000,-,-,S,4189237,4298771
1,1,2534754,510100,2,20201030,135814860,1.257000,800,1005.600000,-,-,S,4295579,4298771
1,1,2560285,510100,2,20201030,140014550,1.258000,2000,2516.000000,-,-,B,4336097,4335747
1,1,2564699,510100,2,20201030,140025030,1.257000,3000,3771.000000,-,-,S,4311253,4341546
1,1,2564700,510100,2,20201030,140025030,1.257000,6900,8673.300000,-,-,S,4325311,4341546
1,1,2584532,510100,2,20201030,140115140,1.256000,500,628.000000,-,-,S,1359128,4363706
1,1,2587357,510100,2,20201030,140123160,1.256000,500,628.000000,-,-,S,4366406,4367297
1,1,2592231,510100,2,20201030,140136060,1.255000,100,125.500000,-,-,S,4299191,4373284
1,1,2592232,510100,2,20201030,140136060,1.255000,1000,1255.000000,-,-,S,4335227,4373284
1,1,2593157,510100,2,20201030,140138190,1.257000,2000,2514.000000,-,-,B,4374375,4361047
1,1,2593996,510100,2,20201030,140140120,1.255000,2000,2510.000000,-,-,B,4375409,4374586
1,1,2595699,510100,2,20201030,140144290,1.254000,700,877.800000,-,-,S,4093774,4377301
1,1,2596243,510100,2,20201030,140145180,1.254000,500,627.000000,-,-,B,4377868,4377301
1,1,2597216,510100,2,20201030,140147750,1.255000,4900,6149.500000,-,-,S,4378976,4379088
1,1,2614409,510100,2,20201030,140228060,1.256000,200,251.200000,-,-,S,4401761,4401939
1,1,2615986,510100,2,20201030,140233350,1.256000,2000,2512.000000,-,-,B,4404333,4401939
1,1,2619028,510100,2,20201030,140243260,1.255000,1800,2259.000000,-,-,S,4404069,4408750
1,1,2619029,510100,2,20201030,140243260,1.255000,373000,468115.000000,-,-,S,4406671,4408750
1,1,2626637,510100,2,20201030,140312570,1.256000,2000,2512.000000,-,-,S,4420691,4421623
1,1,2632392,510100,2,20201030,140338880,1.256000,9900,12434.400000,-,-,B,4431720,4428700
1,1,2636055,510100,2,20201030,140357270,1.257000,500,628.500000,-,-,B,4438602,4436849
1,1,2641720,510100,2,20201030,140422940,1.256000,1000,1256.000000,-,-,S,4435777,4448424
1,1,2642149,510100,2,20201030,140424510,1.256000,12700,15951.200000,-,-,B,4449054,4448424
1,1,2646026,510100,2,20201030,140437590,1.255000,100,125.500000,-,-,S,4413284,4454848
1,1,2646027,510100,2,20201030,140437590,1.255000,1100,1380.500000,-,-,S,4443325,4454848
1,1,2646028,510100,2,20201030,140437590,1.255000,38800,48694.000000,-,-,S,4448315,4454848
1,1,2653892,510100,2,20201030,140512950,1.255000,31200,39156.000000,-,-,S,4448315,4467517
1,1,2666004,510100,2,20201030,140552820,1.254000,4900,6144.600000,-,-,S,4379396,4483063
1,1,2666005,510100,2,20201030,140552820,1.254000,2000,2508.000000,-,-,S,4381944,4483063
1,1,2666006,510100,2,20201030,140552820,1.254000,10000,12540.000000,-,-,S,4443057,4483063
1,1,2666007,510100,2,20201030,140552820,1.254000,100,125.400000,-,-,S,4459858,4483063
1,1,2677153,510100,2,20201030,140616400,1.255000,2000,2510.000000,-,-,S,4495675,4497144
1,1,2692453,510100,2,20201030,140704780,1.254000,500,627.000000,-,-,S,4496274,4516253
1,1,2715713,510100,2,20201030,140821990,1.254000,5000,6270.000000,-,-,S,4542531,4547449
1,1,2715714,510100,2,20201030,140821990,1.254000,3500,4389.000000,-,-,S,4546089,4547449
1,1,2723807,510100,2,20201030,140849690,1.254000,1000,1254.000000,-,-,B,4558716,4547449
1,1,2727424,510100,2,20201030,140902260,1.254000,500,627.000000,-,-,B,4563591,4547449
1,1,2733162,510100,2,20201030,140918500,1.253000,8000,10024.000000,-,-,S,3026886,4570769
1,1,2733163,510100,2,20201030,140918500,1.253000,27900,34958.700000,-,-,S,4483143,4570769
1,1,2733164,510100,2,20201030,140918500,1.253000,20000,25060.000000,-,-,S,4498720,4570769
1,1,2733165,510100,2,20201030,140918500,1.253000,100000,125300.000000,-,-,S,4499872,4570769
1,1,2733166,510100,2,20201030,140918500,1.253000,3300,4134.900000,-,-,S,4532009,4570769
1,1,2737998,510100,2,20201030,140931050,1.253000,73200,91719.600000,-,-,B,4576598,4576142
1,1,2738239,510100,2,20201030,140931900,1.253000,1000,1253.000000,-,-,S,4576806,4576998
1,1,2738746,510100,2,20201030,140933240,1.253000,1800,2255.400000,-,-,B,4577644,4576998
1,1,2740635,510100,2,20201030,140938540,1.253000,2000,2506.000000,-,-,B,4580203,4578929
1,1,2741271,510100,2,20201030,140940170,1.253000,1000,1253.000000,-,-,B,4580958,4578929
1,1,2743897,510100,2,20201030,140948540,1.252000,1000,1252.000000,-,-,S,6184,4584491
1,1,2743898,510100,2,20201030,140948540,1.252000,4000,5008.000000,-,-,S,3947882,4584491
1,1,2743899,510100,2,20201030,140948540,1.252000,6000,7512.000000,-,-,S,3981438,4584491
1,1,2743900,510100,2,20201030,140948540,1.252000,200,250.400000,-,-,S,4488548,4584491
1,1,2743901,510100,2,20201030,140948540,1.252000,1000,1252.000000,-,-,S,4563715,4584491
1,1,2745716,510100,2,20201030,140954060,1.252000,203500,254782.000000,-,-,B,4586741,4585507
1,1,2748978,510100,2,20201030,141002260,1.252000,500,626.000000,-,-,S,4587270,4590714
1,1,2749048,510100,2,20201030,141002510,1.252000,1000,1252.000000,-,-,B,4590840,4590714
1,1,2751490,510100,2,20201030,141007130,1.253000,200,250.600000,-,-,B,4593689,4591128
1,1,2773616,510100,2,20201030,141056330,1.255000,2000,2510.000000,-,-,B,4628213,4618659
1,1,2784249,510100,2,20201030,141134920,1.254000,500,627.000000,-,-,B,4647112,4644488
1,1,2785281,510100,2,20201030,141138560,1.253000,10000,12530.000000,-,-,S,4642969,4648826
1,1,2803442,510100,2,20201030,141303980,1.253000,3400,4260.200000,-,-,S,4667809,4680193
1,1,2803443,510100,2,20201030,141303980,1.253000,16700,20925.100000,-,-,S,4679172,4680193
1,1,2805683,510100,2,20201030,141315560,1.253000,100,125.300000,-,-,S,4683823,4684175
1,1,2809947,510100,2,20201030,141336780,1.253000,5000,6265.000000,-,-,B,4691087,4686931
1,1,2810336,510100,2,20201030,141338580,1.253000,11000,13783.000000,-,-,B,4691721,4686931
1,1,2816056,510100,2,20201030,141409830,1.253000,3800,4761.400000,-,-,S,4693861,4701831
1,1,2816057,510100,2,20201030,141409830,1.253000,4000,5012.000000,-,-,S,4698469,4701831
1,1,2816058,510100,2,20201030,141409830,1.253000,1200,1503.600000,-,-,S,4701404,4701831
1,1,2824566,510100,2,20201030,141456660,1.255000,1000,1255.000000,-,-,B,4716468,4618659
1,1,2831276,510100,2,20201030,141532250,1.254000,200,250.800000,-,-,B,4728265,4725789
1,1,2835660,510100,2,20201030,141556450,1.254000,2900,3636.600000,-,-,B,4735448,4734311
1,1,2836793,510100,2,20201030,141603210,1.253000,1000,1253.000000,-,-,S,4719604,4737614
1,1,2845103,510100,2,20201030,141628130,1.253000,600,751.800000,-,-,B,4748623,4746785
1,1,2847063,510100,2,20201030,141634040,1.252000,1000,1252.000000,-,-,S,4628708,4751143
1,1,2847064,510100,2,20201030,141634040,1.252000,14400,18028.800000,-,-,S,4663309,4751143
1,1,2847065,510100,2,20201030,141634040,1.252000,3000,3756.000000,-,-,S,4683420,4751143
1,1,2847066,510100,2,20201030,141634040,1.252000,1500,1878.000000,-,-,S,4698055,4751143
1,1,2847067,510100,2,20201030,141634040,1.252000,2000,2504.000000,-,-,S,4713571,4751143
1,1,2847068,510100,2,20201030,141634040,1.252000,10000,12520.000000,-,-,S,4739087,4751143
1,1,2847069,510100,2,20201030,141634040,1.252000,200,250.400000,-,-,S,4746939,4751143
1,1,2858365,510100,2,20201030,141718380,1.252000,10000,12520.000000,-,-,B,4766954,4766423
1,1,2880325,510100,2,20201030,141840510,1.252000,300,375.600000,-,-,S,4791793,4794370
1,1,2887481,510100,2,20201030,141905870,1.252000,700,876.400000,-,-,B,4803373,4799985
1,1,2887716,510100,2,20201030,141906350,1.251000,200,250.200000,-,-,S,1274043,4803555
1,1,2887717,510100,2,20201030,141906350,1.251000,3000,3753.000000,-,-,S,4680091,4803555
1,1,2887718,510100,2,20201030,141906350,1.251000,800,1000.800000,-,-,S,4737419,4803555
1,1,2890848,510100,2,20201030,141917590,1.252000,10000,12520.000000,-,-,B,4807782,4799985
1,1,2892257,510100,2,20201030,141922470,1.251000,100,125.100000,-,-,S,4737419,4809663
1,1,2892258,510100,2,20201030,141922470,1.251000,1300,1626.300000,-,-,S,4808161,4809663
1,1,2898411,510100,2,20201030,141945580,1.253000,182900,229173.700000,-,-,B,4818227,4817949
1,1,2907918,510100,2,20201030,142013450,1.254000,2400,3009.600000,-,-,B,4831425,4797115
1,1,2916193,510100,2,20201030,142036690,1.254000,500,627.000000,-,-,B,4844332,4841995
1,1,2916468,510100,2,20201030,142037850,1.254000,800,1003.200000,-,-,B,4844826,4841995
1,1,2920218,510100,2,20201030,142054590,1.254000,188700,236629.800000,-,-,B,4851385,4841995
1,1,2927427,510100,2,20201030,142125630,1.256000,10000,12560.000000,-,-,B,4864169,4836792
1,1,2927636,510100,2,20201030,142127030,1.256000,500,628.000000,-,-,B,4864618,4836792
1,1,2930227,510100,2,20201030,142138880,1.255000,12600,15813.000000,-,-,B,4869186,4868061
1,1,2935868,510100,2,20201030,142205860,1.254000,2100,2633.400000,-,-,S,4852335,4879248
1,1,2935869,510100,2,20201030,142205860,1.254000,200,250.800000,-,-,S,4874094,4879248
1,1,2941481,510100,2,20201030,142225950,1.254000,10000,12540.000000,-,-,B,4887177,4885053
1,1,2945865,510100,2,20201030,142245730,1.253000,100,125.300000,-,-,S,4883578,4893957
1,1,2958756,510100,2,20201030,142350110,1.255000,5000,6275.000000,-,-,B,4914252,4889366
1,1,2974957,510100,2,20201030,142518860,1.254000,100,125.400000,-,-,S,4936381,4941737
1,1,2974958,510100,2,20201030,142518860,1.254000,4000,5016.000000,-,-,S,4936655,4941737
1,1,2981458,510100,2,20201030,142557540,1.255000,2000,2510.000000,-,-,B,4952288,4889366
1,1,2982669,510100,2,20201030,142605150,1.254000,100,125.400000,-,-,B,4954470,4954217
1,1,2983881,510100,2,20201030,142612640,1.254000,100,125.400000,-,-,B,4956597,4956548
1,1,2990341,510100,2,20201030,142650460,1.254000,20000,25080.000000,-,-,S,4966469,4967538
1,1,2994611,510100,2,20201030,142713770,1.255000,20000,25100.000000,-,-,B,4975312,4974725
1,1,2997734,510100,2,20201030,142728760,1.254000,20000,25080.000000,-,-,S,4971546,4980314
1,1,2997735,510100,2,20201030,142728760,1.254000,10000,12540.000000,-,-,S,4975001,4980314
1,1,3003619,510100,2,20201030,142803750,1.254000,100,125.400000,-,-,S,4985084,4990619
1,1,3004176,510100,2,20201030,142806590,1.253000,900,1127.700000,-,-,S,4883578,4991604
1,1,3004177,510100,2,20201030,142806590,1.253000,300,375.900000,-,-,S,4919209,4991604
1,1,3004178,510100,2,20201030,142806590,1.253000,800,1002.400000,-,-,S,4935082,4991604
1,1,3004179,510100,2,20201030,142806590,1.253000,230000,288190.000000,-,-,S,4990609,4991604
1,1,3012753,510100,2,20201030,142839840,1.254000,100,125.400000,-,-,B,5003554,4991761
1,1,3024868,510100,2,20201030,142926400,1.253000,400,501.200000,-,-,S,4996294,5018810
1,1,3025003,510100,2,20201030,142927250,1.253000,5700,7142.100000,-,-,B,5019072,5018810
1,1,3033340,510100,2,20201030,142959780,1.253000,200,250.600000,-,-,B,5029707,5018810
1,1,3033541,510100,2,20201030,143000400,1.253000,3800,4761.400000,-,-,B,5029976,5018810
1,1,3043244,510100,2,20201030,143026970,1.254000,1300,1630.200000,-,-,B,5042921,4991761
1,1,3044568,510100,2,20201030,143032130,1.254000,300,376.200000,-,-,B,5044978,4991761
1,1,3054620,510100,2,20201030,143106740,1.254000,20000,25080.000000,-,-,B,5059704,4991761
1,1,3061190,510100,2,20201030,143134730,1.254000,1000,1254.000000,-,-,B,5069633,4991761
1,1,3068033,510100,2,20201030,143207130,1.254000,1000,1254.000000,-,-,B,5080192,4991761
1,1,3070403,510100,2,20201030,143217780,1.253000,20000,25060.000000,-,-,S,5035708,5083854
1,1,3075321,510100,2,20201030,143238680,1.253000,100,125.300000,-,-,B,5091483,5083854
1,1,3076593,510100,2,20201030,143243370,1.252000,1000,1252.000000,-,-,S,4814417,5093115
1,1,3076594,510100,2,20201030,143243370,1.252000,1500,1878.000000,-,-,S,4814911,5093115
1,1,3076595,510100,2,20201030,143243370,1.252000,16100,20157.200000,-,-,S,4937455,5093115
1,1,3076596,510100,2,20201030,143243370,1.252000,400,500.800000,-,-,S,5067910,5093115
1,1,3082442,510100,2,20201030,143301710,1.252000,1600,2003.200000,-,-,S,5067910,5100274
1,1,3082443,510100,2,20201030,143301710,1.252000,5600,7011.200000,-,-,S,5087960,5100274
1,1,3082444,510100,2,20201030,143301710,1.252000,1000,1252.000000,-,-,S,5098541,5100274
1,1,3084193,510100,2,20201030,143306610,1.252000,2800,3505.600000,-,-,B,5102377,5100274
1,1,3084392,510100,2,20201030,143306910,1.252000,2200,2754.400000,-,-,S,5102377,5102550
1,1,3088755,510100,2,20201030,143318510,1.252000,20000,25040.000000,-,-,S,5105221,5107830
1,1,3089462,510100,2,20201030,143320560,1.252000,200,250.400000,-,-,S,5106295,5108796
1,1,3090460,510100,2,20201030,143322720,1.251000,2300,2877.300000,-,-,S,4814973,5109938
1,1,3090461,510100,2,20201030,143322720,1.251000,229400,286979.400000,-,-,S,4822858,5109938
1,1,3090462,510100,2,20201030,143322720,1.251000,8000,10008.000000,-,-,S,4855398,5109938
1,1,3090463,510100,2,20201030,143322720,1.251000,200,250.200000,-,-,S,4958746,5109938
1,1,3090464,510100,2,20201030,143322720,1.251000,10000,12510.000000,-,-,S,4978657,5109938
1,1,3091359,510100,2,20201030,143324950,1.251000,2000,2502.000000,-,-,B,5110785,5109938
1,1,3117761,510100,2,20201030,143442520,1.251000,1000,1251.000000,-,-,S,5115135,5142303
1,1,3127427,510100,2,20201030,143516020,1.251000,10000,12510.000000,-,-,S,5118064,5155624
1,1,3149902,510100,2,20201030,143626510,1.252000,1000,1252.000000,-,-,B,5186492,5138214
1,1,3161405,510100,2,20201030,143706880,1.252000,1000,1252.000000,-,-,B,5202615,5138214
1,1,3163933,510100,2,20201030,143716180,1.252000,2000,2504.000000,-,-,B,5206379,5138214
1,1,3164171,510100,2,20201030,143717320,1.252000,1200,1502.400000,-,-,B,5206796,5138214
1,1,3164449,510100,2,20201030,143718420,1.251000,200,250.200000,-,-,S,5158391,5207238
1,1,3165727,510100,2,20201030,143723620,1.251000,6300,7881.300000,-,-,B,5209269,5207238
1,1,3170530,510100,2,20201030,143738170,1.252000,3300,4131.600000,-,-,B,5216100,5138214
1,1,3172137,510100,2,20201030,143742630,1.252000,241600,302483.200000,-,-,B,5218598,5138214
1,1,3172138,510100,2,20201030,143742630,1.252000,1000,1252.000000,-,-,B,5218598,5186624
1,1,3172139,510100,2,20201030,143742630,1.252000,1000,1252.000000,-,-,B,5218598,5202845
1,1,3172140,510100,2,20201030,143742630,1.252000,2000,2504.000000,-,-,B,5218598,5206485
1,1,3172141,510100,2,20201030,143742630,1.252000,1200,1502.400000,-,-,B,5218598,5206938
1,1,3172142,510100,2,20201030,143742630,1.252000,3300,4131.600000,-,-,B,5218598,5216353
1,1,3172274,510100,2,20201030,143743000,1.252000,3000,3756.000000,-,-,S,5218598,5218829
1,1,3184907,510100,2,20201030,143823860,1.253000,1300,1628.900000,-,-,B,5238443,5083854
1,1,3184908,510100,2,20201030,143823860,1.253000,700,877.100000,-,-,B,5238443,5228538
1,1,3188160,510100,2,20201030,143837870,1.253000,400,501.200000,-,-,B,5244006,5228538
1,1,3189642,510100,2,20201030,143844850,1.253000,100,125.300000,-,-,B,5246577,5228538
1,1,3197048,510100,2,20201030,143917550,1.253000,200,250.600000,-,-,B,5259494,5228538
1,1,3199776,510100,2,20201030,143930450,1.253000,5000,6265.000000,-,-,B,5264272,5228889
1,1,3199777,510100,2,20201030,143930450,1.253000,300,375.900000,-,-,B,5264272,5254358
1,1,3201972,510100,2,20201030,143938390,1.253000,1100,1378.300000,-,-,B,5267241,5254358
1,1,3213007,510100,2,20201030,144025170,1.254000,700,877.800000,-,-,B,5285801,4991761
1,1,3223038,510100,2,20201030,144110190,1.254000,1000,1254.000000,-,-,B,5303375,4991761
1,1,3225384,510100,2,20201030,144120800,1.254000,3000,3762.000000,-,-,B,5307534,4991761
1,1,3237301,510100,2,20201030,144215530,1.254000,28000,35112.000000,-,-,B,5326913,4991761
1,1,3245731,510100,2,20201030,144257210,1.254000,100,125.400000,-,-,B,5340617,4991761
1,1,3248495,510100,2,20201030,144311220,1.254000,5000,6270.000000,-,-,B,5345185,4991761
1,1,3250489,510100,2,20201030,144321270,1.254000,24500,30723.000000,-,-,B,5348471,4991761
1,1,3251785,510100,2,20201030,144327540,1.254000,40000,50160.000000,-,-,B,5350605,4991761
1,1,3254543,510100,2,20201030,144342390,1.254000,50000,62700.000000,-,-,B,5355003,4991761
1,1,3268755,510100,2,20201030,144450520,1.254000,5000,6270.000000,-,-,B,5376369,4991761
1,1,3272146,510100,2,20201030,144506210,1.254000,49000,61446.000000,-,-,B,5381934,4991761
1,1,3272147,510100,2,20201030,144506210,1.254000,10000,12540.000000,-,-,B,5381934,5264822
1,1,3295134,510100,2,20201030,144640790,1.255000,100,125.500000,-,-,S,5415570,5416410
1,1,3298917,510100,2,20201030,144654610,1.256000,1000,1256.000000,-,-,B,5421201,5338611
1,1,3299916,510100,2,20201030,144657820,1.256000,4000,5024.000000,-,-,B,5422216,5338611
1,1,3299917,510100,2,20201030,144657820,1.256000,1000,1256.000000,-,-,B,5422216,5413351
1,1,3314128,510100,2,20201030,144757610,1.256000,1600,2009.600000,-,-,B,5442439,5414440
1,1,3327123,510100,2,20201030,144845970,1.255000,40000,50200.000000,-,-,B,5459508,5454485
1,1,3328117,510100,2,20201030,144850350,1.255000,102100,128135.500000,-,-,B,5461036,5454485
1,1,3328912,510100,2,20201030,144854080,1.255000,10000,12550.000000,-,-,B,5462250,5454485
1,1,3343725,510100,2,20201030,144947880,1.253000,100,125.300000,-,-,S,5267241,5482250
1,1,3343726,510100,2,20201030,144947880,1.253000,3000,3759.000000,-,-,S,5284611,5482250
1,1,3343727,510100,2,20201030,144947880,1.253000,100,125.300000,-,-,S,5286420,5482250
1,1,3343728,510100,2,20201030,144947880,1.253000,5000,6265.000000,-,-,S,5363281,5482250
1,1,3343729,510100,2,20201030,144947880,1.253000,1000,1253.000000,-,-,S,5368846,5482250
1,1,3344576,510100,2,20201030,144950970,1.253000,700,877.100000,-,-,B,5483382,5482250
1,1,3347423,510100,2,20201030,145000840,1.255000,400,502.000000,-,-,B,5487310,5454485
1,1,3347523,510100,2,20201030,145001030,1.255000,500,627.500000,-,-,B,5487452,5454485
1,1,3351625,510100,2,20201030,145008520,1.255000,800,1004.000000,-,-,B,5492734,5454485
1,1,3351988,510100,2,20201030,145009450,1.255000,200,251.000000,-,-,B,5493260,5454485
1,1,3356355,510100,2,20201030,145019380,1.255000,37300,46811.500000,-,-,B,5498984,5459617
1,1,3372214,510100,2,20201030,145110930,1.255000,700,878.500000,-,-,B,5522445,5459617
1,1,3378259,510100,2,20201030,145131340,1.254000,4000,5016.000000,-,-,S,5531192,5531677
1,1,3382843,510100,2,20201030,145144700,1.253000,5000,6265.000000,-,-,S,5500301,5537531
1,1,3384131,510100,2,20201030,145148640,1.253000,788000,987364.000000,-,-,B,5539465,5537531
1,1,3388965,510100,2,20201030,145204390,1.253000,1000,1253.000000,-,-,B,5546508,5537531
1,1,3393992,510100,2,20201030,145217730,1.252000,2100,2629.200000,-,-,S,5239271,5552642
1,1,3393993,510100,2,20201030,145217730,1.252000,3000,3756.000000,-,-,S,5330403,5552642
1,1,3393994,510100,2,20201030,145217730,1.252000,2000,2504.000000,-,-,S,5367759,5552642
1,1,3393995,510100,2,20201030,145217730,1.252000,5000,6260.000000,-,-,S,5413110,5552642
1,1,3393996,510100,2,20201030,145217730,1.252000,187900,235250.800000,-,-,S,5531103,5552642
1,1,3409590,510100,2,20201030,145305280,1.252000,3000,3756.000000,-,-,S,5560404,5573535
1,1,3409591,510100,2,20201030,145305280,1.252000,200,250.400000,-,-,S,5560644,5573535
1,1,3409592,510100,2,20201030,145305280,1.252000,196800,246393.600000,-,-,S,5572988,5573535
1,1,3410845,510100,2,20201030,145308250,1.252000,6000,7512.000000,-,-,S,5572988,5575088
1,1,3424062,510100,2,20201030,145346280,1.255000,2000,2510.000000,-,-,B,5593187,5459617
1,1,3425819,510100,2,20201030,145351010,1.255000,10000,12550.000000,-,-,B,5595276,5459617
1,1,3437355,510100,2,20201030,145423760,1.255000,100,125.500000,-,-,B,5610715,5459617
1,1,3439139,510100,2,20201030,145428470,1.254000,200,250.800000,-,-,S,5612699,5612971
1,1,3439717,510100,2,20201030,145429860,1.254000,100,125.400000,-,-,B,5613564,5612971
1,1,3448487,510100,2,20201030,145455360,1.254000,18000,22572.000000,-,-,S,5624694,5624872
1,1,3450932,510100,2,20201030,145500660,1.253000,7900,9898.700000,-,-,S,5624997,5627561
1,1,3452765,510100,2,20201030,145503160,1.253000,492100,616601.300000,-,-,B,5629752,5627561
1,1,3460504,510100,2,20201030,145521130,1.253000,810000,1014930.000000,-,-,B,5640004,5636887
1,1,3470970,510100,2,20201030,145547600,1.253000,2000,2506.000000,-,-,B,5653156,5636887
1,1,3480095,510100,2,20201030,145611710,1.252000,37600,47075.200000,-,-,S,5640849,5665232
1,1,3484839,510100,2,20201030,145624730,1.253000,16000,20048.000000,-,-,B,5671083,5636887
1,1,3497431,510100,2,20201030,145702190,1.253000,4000,5012.000000,-,-,B,5687136,5636887
1,1,3498713,510100,2,20201030,145730220,1.253000,100,125.300000,-,-,B,5696352,5636887
1,1,3499293,510100,2,20201030,145738490,1.253000,10000,12530.000000,-,-,B,5698647,5636887
1,1,3499382,510100,2,20201030,145741830,1.253000,100,125.300000,-,-,B,5699503,5636887
1,1,3499998,510100,2,20201030,145754200,1.253000,10000,12530.000000,-,-,B,5702724,5636887
1,1,3500120,510100,2,20201030,145756610,1.253000,8500,10650.500000,-,-,B,5703300,5636887
1,1,3500294,510100,2,20201030,145802270,1.253000,200,250.600000,-,-,B,5704699,5636887
1,1,3500508,510100,2,20201030,145808740,1.253000,800,1002.400000,-,-,B,5706176,5636887
1,1,3501035,510100,2,20201030,145821770,1.253000,100,125.300000,-,-,B,5709196,5636887
1,1,3501945,510100,2,20201030,145848330,1.253000,1000,1253.000000,-,-,B,5715495,5636887
1,1,3502560,510100,2,20201030,145909090,1.253000,600,751.800000,-,-,B,5719724,5636887
1,1,3503211,510100,2,20201030,145923330,1.253000,10000,12530.000000,-,-,B,5722840,5636887
1,1,3503308,510100,2,20201030,145926520,1.253000,400,501.200000,-,-,B,5723496,5636887
1,1,3503396,510100,2,20201030,145930830,1.253000,4000,5012.000000,-,-,B,5724391,5636887
1,1,3503709,510100,2,20201030,145939410,1.252000,2800,3505.600000,-,-,S,5662003,5726081
1,1,3503710,510100,2,20201030,145939410,1.252000,100,125.200000,-,-,S,5690081,5726081
1,1,3503711,510100,2,20201030,145939410,1.252000,8000,10016.000000,-,-,S,5692051,5726081
1,1,3503712,510100,2,20201030,145939410,1.252000,1000,1252.000000,-,-,S,5720979,5726081
1,1,3503713,510100,2,20201030,145939410,1.251000,2000,2502.000000,-,-,S,5231916,5726081
1,1,3503714,510100,2,20201030,145939410,1.251000,1000,1251.000000,-,-,S,5594404,5726081
1,1,3503715,510100,2,20201030,145939410,1.251000,2500,3127.500000,-,-,S,5594688,5726081
1,1,3503716,510100,2,20201030,145939410,1.251000,104800,131104.800000,-,-,S,5652715,5726081
1,1,3504185,510100,2,20201030,145952040,1.253000,100,125.300000,-,-,B,5728389,5689806
